((("y-or-n-p" .
   [0 0 1 0 0 0 0 0])
  ("yes-or-no-p" .
   [0 0 0 1 0 0 0 0 0 0 0])
  ("visible-bell" .
   [1 0 0 0 0 0 0 0 0 0 0 0])
  ("ido-mode" .
   [0 0 0 0 0 1 0 0])
  ("default-directory" .
   [1 0 0 0 0 0 0 0 0 0 0 0 0 0 0 0 0])
  ("setq" .
   [4 0 0 0])
  ("Function" .
   [0 0 0 0 0 0 1 0])
  ("endif" .
   [0 0 0 1 0])
  ("__FUNCTION_H__" .
   [0 0 0 0 1 0 0 0 0 0 0 0 0 0])
  ("define" .
   [0 0 0 1 0 0])
  ("ifndef" .
   [0 0 0 1 0 0])
  ("include" .
   [0 0 1 2 1 0 0])
  ("std" .
   [2 0 0])
  ("cout" .
   [0 0 0 1])
  ("endl" .
   [2 0 0 0])
  ("void" .
   [0 0 1 0])
  ("desc" .
   [1 0 0 0])
  ("put" .
   [1 0 0])
  ("linum-mode" .
   [0 0 0 0 1 1 0 0 0 0])))
